IDs: 4.3074 2.1375 3.7225 4.3074 3.9449 3.7225 2.1375 1.1375 3.4594
MTs: 0.8090 1.0410 0.6310 0.8050 1.3550 0.8450 0.9060 0.2820 0.6190

IDs: 3.1375 4.3074 1.1375 4.5969 3.1375 2.7225 1.1375 3.7225 4.3074
MTs: 0.6200 0.9940 0.3350 0.9450 1.2890 0.4750 0.5950 0.5120 0.7030

IDs: 1.1375 4.3074 2.6495 4.4594 4.1375 3.9449 3.1375 3.1375 4.4594
MTs: 0.4610 1.1660 0.1590 0.8730 1.3340 1.0980 0.8100 0.4500 1.0270

IDs: 4.1375 3.4594 3.7427 3.7225 4.3074 4.1375 3.9449 0.0000 4.4594
MTs: 0.7550 0.6870 0.1510 0.8540 0.7900 1.2830 0.6940 0.2260 0.6520

IDs: 2.7225 3.4594 1.1375 3.4594 4.5969 4.4594 4.1375 3.7225 3.1375
MTs: 0.5800 0.6100 0.1860 0.9260 3.0500 0.8830 0.8430 0.6050 0.4350

IDs: 2.1375 4.3074 4.1375 2.1375 2.1375 1.1375 3.7225 1.1375 4.3074
MTs: 0.6580 0.8440 0.6810 0.5180 0.6240 0.4820 0.6490 0.5190 0.6630

IDs: 1.1375 3.7225 2.1375 3.4594 2.1375 1.1375 3.9449 2.1375 3.9449
MTs: 0.4480 0.7990 2.2860 0.8150 0.6440 0.3980 0.7540 0.3060 0.7340

IDs: 4.4594 2.1375 0.0000 4.3074 2.7225 3.7225 4.1375 1.1375 3.1375
MTs: 0.8010 0.9320 1.0240 0.6650 0.5180 0.7210 1.0650 0.2820 0.5190

IDs: 3.7225 1.1375 4.1375 3.4594 4.3074 2.1375 3.9449 2.6495 4.4594
MTs: 0.7420 0.2970 0.8100 0.7860 0.8440 0.5150 0.6810 0.4120 0.9060

IDs: 4.5969 3.4594 2.1375 1.1375 3.1375 4.3074 3.9449 3.7225 4.1375
MTs: 1.2060 0.6740 0.5370 0.4180 0.9190 0.6720 0.8630 0.7690 0.9930

IDs: 2.6495 4.1375 1.1375 3.7225 3.9449 4.5969 3.4594 0.0000 4.3074
MTs: 0.3080 0.8240 0.2680 0.7560 0.9340 1.4320 0.7190 0.6120 0.6820

IDs: 3.4594 4.4594 0.0000 4.3074 2.7225 3.1375 4.1375 3.9449 2.1375
MTs: 0.7980 0.9750 0.2860 0.7030 0.5240 0.6430 0.8070 1.0580 0.6190

IDs: 4.1375 3.1375 4.5969 3.7225 2.1375 1.1375 4.3074 3.4594 2.7225
MTs: 0.9650 0.4890 1.3670 0.7080 0.6480 0.3270 0.8960 0.7040 0.5320

IDs: 3.9449 2.1375 4.3074 4.1375 3.4594 2.6495 1.1375 4.4594 3.7225
MTs: 0.7890 0.7040 0.8990 0.9630 0.6790 0.3760 0.4190 1.1020 0.8510

IDs: 1.1375 4.1375 2.1375 4.3074 3.9449 3.7225 2.6495 3.4594 4.4594  
MTs: 0.3980 0.8040 0.5290 0.7860 0.9570 0.6150 0.2460 0.6980 1.1220

IDs: 4.5969 2.7225 3.1375 4.1375 1.1375 3.4594 4.3074 2.1375 3.9449  
MTs: 1.3240 0.5450 0.6840 0.9230 0.3720 0.8030 0.7080 0.6110 0.8420

IDs: 3.7225 1.1375 4.4594 3.4594 4.1375 4.3074 3.1375 2.6495 2.1375  
MTs: 0.7910 0.2940 1.1780 0.7050 1.0620 0.7780 0.6120 0.4190 0.5870

IDs: 2.1375 4.3074 1.1375 3.9449 3.7225 4.4594 4.1375 3.4594 2.6495  
MTs: 0.5120 0.9110 0.4210 0.9880 0.8020 1.2030 0.7390 0.6650 0.3420

IDs: 3.1375 4.1375 2.7225 4.3074 3.9449 1.1375 4.5969 3.7225 2.1375  
MTs: 0.6590 0.9240 0.4870 0.8060 0.8910 0.2940 1.2640 0.6340 0.5430

IDs: 4.4594 3.7225 1.1375 4.1375 3.1375 2.6495 4.3074 2.1375 3.4594  
MTs: 1.1740 0.7980 0.3550 0.8710 0.7520 0.4190 0.8220 0.5890 0.7730

###

IDs: 2.1375 1.6375 0.0000 1.1375 2.2985 2.6375 2.1375 2.1375 1.6718
MTs: 0.5740 0.9720 0.4600 0.3840 1.0010 0.5490 0.3800 0.4040 1.1270

IDs: 2.1375 1.1375 3.5489 2.7985 2.7985 1.1375 2.9877 2.2985 0.2281
MTs: 0.6090 0.8310 0.1680 0.6360 1.0210 4.6840 1.0090 1.7840 1.4110

IDs: 1.1375 2.2985 1.6375 2.7985 2.6375 2.2985 2.2985 0.0000 1.1108
MTs: 0.4810 0.6070 0.5970 1.0340 1.0800 0.6560 3.5100 0.3940 0.6270

IDs: 2.1375 2.7985 2.1375 2.2985 1.1375 2.1375 1.1375 2.2985 1.3890
MTs: 0.5370 0.8190 0.8270 0.7670 1.2830 0.9950 0.9080 0.3990 0.4090

IDs: 1.1375 1.1375 1.6375 2.1375 1.1375 2.1375 1.1375 2.7985 1.8130
MTs: 0.4020 0.3620 0.3990 0.7790 1.1170 0.6010 0.4250 0.6360 0.6170

IDs: 2.9877 2.7985 2.7985 2.9877 2.2985 1.6375 2.2985 2.1375 1.3890
MTs: 0.7210 0.8890 0.6120 0.7060 1.2600 2.5910 0.5860 0.3810 0.4340

IDs: 2.2985 2.1375 0.0000 2.9877 1.1375 2.7985 2.2985 1.6375 1.8130
MTs: 0.5090 0.4250 0.1490 0.7860 1.3770 1.0050 0.4300 0.5870 0.5950

IDs: 2.7985 2.7985 2.1375 2.2985 1.6375 2.2985 2.7985 2.2985 0.2281
MTs: 0.5560 0.5880 0.5180 0.5800 0.7650 1.1190 0.5490 0.6370 0.5200

IDs: 2.6375 1.1375 1.6375 2.6375 2.1375 1.1375 2.2985 1.6375 1.3890
MTs: 0.6700 0.6840 0.3640 0.9330 1.9090 1.1390 1.1480 0.4560 0.7170

IDs: 2.9877 2.2985 1.1375 2.2985 2.2985 2.6375 2.9877 0.0000 1.8130
MTs: 0.6360 0.5010 1.3780 0.6300 1.2190 0.5670 0.5050 0.1540 0.7300

IDs: 2.1375 1.1375 2.7985 2.6375 1.6375 2.2985 2.9877 2.7985 1.1108
MTs: 0.7840 0.3940 1.0290 0.6250 0.5470 0.8130 0.7790 0.6390 0.4450

IDs: 1.6375 2.7985 1.1375 2.1375 2.9877 2.2985 1.1375 2.7985 0.2281
MTs: 0.5310 0.7180 0.4900 0.8270 0.9150 1.0390 0.6240 0.7120 0.3660

IDs: 2.1375 2.9877 2.2985 1.6375 1.1375 2.7985 2.1375 2.1375 1.8130
MTs: 0.6710 0.8430 0.7890 0.5090 0.4020 1.2140 0.5440 0.6120 0.7210

IDs: 2.2985 1.6375 2.9877 2.6375 1.1375 2.1375 2.7985 1.6375 1.1108
MTs: 0.5100 0.6430 0.7730 0.5610 0.4170 0.4910 0.9320 0.5370 0.4060

IDs: 1.1375 2.1375 2.7985 2.9877 2.2985 2.6375 2.1375 1.1375 1.3890
MTs: 0.4010 0.5130 1.0980 0.8150 0.9060 0.5480 0.6670 0.4420 0.3650

IDs: 2.1375 2.2985 2.9877 2.7985 1.6375 2.1375 1.1375 2.2985 1.1108
MTs: 0.5890 0.6270 0.7220 0.7340 0.4780 0.6980 0.3490 0.5310 0.4920

IDs: 2.7985 1.1375 1.6375 2.6375 2.2985 2.9877 1.1375 2.1375 0.2281
MTs: 0.6540 0.5930 0.4170 0.9020 0.7650 0.6090 0.4600 0.5480 0.3890

IDs: 2.2985 2.1375 1.6375 2.9877 1.1375 2.7985 2.6375 2.2985 1.8130
MTs: 0.5260 0.4080 0.5730 0.6810 0.4380 0.7990 0.5910 0.5940 0.4560

IDs: 2.1375 1.1375 2.7985 2.2985 2.1375 1.6375 2.9877 1.6375 1.3890
MTs: 0.6740 0.3970 0.9250 0.5660 0.5230 0.4780 0.7360 0.5090 0.4370

IDs: 1.6375 2.2985 1.1375 2.1375 2.9877 2.7985 1.1375 2.1375 0.2281
MTs: 0.5590 0.6750 0.4160 0.5820 0.8590 0.7340 0.4800 0.6490 0.3450