IDs: 4.1375 2.7225 3.1375 4.1375 4.5969 4.4594 3.1375 2.7225 2.7225
MTs: 0.6870 0.4350 1.3140 0.8070 1.1600 0.7040 0.6320 0.6350 0.6940

IDs: 2.1375 3.1375 3.1375 4.3074 3.4594 3.1375 2.1375 3.7225 4.4594
MTs: 0.6510 0.6580 0.6370 1.3420 2.5410 0.6440 0.5690 0.5620 0.7070

IDs: 2.7225 3.9449 0.0000 4.1375 4.4594 4.3074 3.7225 0.0000 4.1375
MTs: 0.4190 0.6440 0.1610 0.7410 0.9950 0.6900 0.5500 0.1570 0.7360

IDs: 3.1375 1.1375 3.9449 4.3074 4.1375 3.9449 2.7225 1.1375 3.7225
MTs: 0.5480 0.5270 0.5930 0.9650 1.1870 0.6950 0.4810 0.5960 0.6640

IDs: 3.1375 1.1375 4.1375 4.4594 3.9449 3.7225 2.1375 2.1375 3.7225
MTs: 0.6480 0.5390 0.6940 0.7630 0.7740 0.8310 1.3030 0.4180 0.5040

IDs: 4.3074 3.1375 1.1375 3.7225 4.4594 4.3074 3.4594 2.1375 3.4594
MTs: 0.7400 0.5810 0.5380 1.3110 0.5780 0.8700 0.8980 0.3690 0.6800

IDs: 4.1375 3.4594 0.0000 3.7225 4.4594 4.3074 3.7225 2.7225 4.5969
MTs: 0.6240 0.6640 0.1600 0.7950 0.9510 0.7190 0.7220 0.4280 0.6840

IDs: 2.7225 2.1375 3.9449 4.4594 4.4594 4.3074 4.3074 2.7225 4.1375
MTs: 0.7930 0.5480 0.6410 2.2580 1.0450 0.6490 0.6290 0.4980 0.5990

IDs: 4.3074 3.1375 0.0000 3.4594 3.4594 3.1375 4.4594 0.0000 4.7225
MTs: 0.7250 0.5280 0.2760 0.5940 0.6040 0.4560 0.7880 0.1720 0.7600

IDs: 3.1375 3.9449 3.4594 2.7225 4.4594 4.3074 3.7225 1.1375 4.3074
MTs: 0.6760 0.7670 0.9250 0.5830 0.8230 0.8120 0.6900 0.2620 0.7260

IDs: 3.9449 2.7225 2.1375 2.1375 3.7225 3.4594 2.1375 4.1375 4.7225
MTs: 0.6350 0.4890 0.4010 0.6800 0.9340 0.6540 0.3950 0.7030 0.8030

IDs: 2.7225 2.1375 2.7225 3.7225 3.4594 3.1375 3.9449 2.1375 4.5969
MTs: 0.5670 0.4850 0.5020 0.8440 0.5490 0.7090 2.6870 0.5530 0.6520

IDs: 3.1375 3.4594 2.1375 4.1375 4.4594 4.3074 4.1375 2.1375 4.7225
MTs: 0.7170 0.7620 0.5970 1.0660 0.6300 0.6450 0.5910 1.4120 0.6500

IDs: 3.7225 4.1375 2.1375 3.9449 2.1375 1.1375 2.7225 3.9449 4.7225
MTs: 0.6070 0.5780 0.5530 0.6700 0.5540 0.4920 0.4940 0.6150 0.7160

IDs: 4.1375 4.1375 3.1375 3.4594 3.7225 3.4594 4.4594 2.7225 4.3074
MTs: 0.6360 0.6270 1.1940 0.6500 0.7320 0.7940 0.6850 0.4200 0.6260

IDs: 3.9449 2.7225 3.4594 4.3074 3.7225 3.4594 3.7225 2.1375 4.4594
MTs: 0.6020 0.5340 0.6670 1.0390 0.7710 0.6150 0.9660 0.4660 0.7630

IDs: 4.1375 4.3074 4.1375 2.1375 3.4594 3.1375 4.4594 2.7225 4.3074
MTs: 0.6530 0.8260 0.6630 0.6430 0.6470 0.6120 0.5780 0.9920 0.6140

IDs: 4.4594 2.1375 4.1375 4.5969 3.7225 3.4594 3.4594 2.1375 4.3074
MTs: 0.6920 0.4580 1.0410 0.8070 0.6410 0.8330 0.6680 0.5550 0.6720

IDs: 4.1375 3.1375 2.1375 2.7225 2.7225 2.1375 4.4594 2.1375 4.4594
MTs: 0.6820 0.9480 0.3700 0.7960 0.8300 0.5130 0.7670 0.3070 0.6890

IDs: 3.1375 2.1375 2.7225 3.7225 4.5969 4.4594 3.1375 2.7225 4.3074
MTs: 0.5840 0.3900 0.5550 0.9050 0.9060 0.6940 0.6440 0.7680 0.6740

###

IDs: 2.1375 1.1375 0.0000 2.1375 2.1375 2.9877 2.2985 1.1375 1.6718
MTs: 0.4170 0.3620 0.1550 0.4340 0.5730 0.9030 0.4150 0.4070 0.8160

IDs: 2.6375 2.6375 1.1375 2.1375 2.1375 1.1375 1.1375 0.0000 0.2281
MTs: 0.4250 0.4220 0.3710 0.6430 0.8550 1.1310 0.3780 0.1620 0.4150

IDs: 2.9877 2.9877 1.1375 2.2985 2.9877 2.1375 2.1375 0.0000 0.2281
MTs: 0.5490 0.4640 0.3760 1.3380 0.7810 0.5360 0.4030 0.1540 0.3230

IDs: 2.2985 1.1375 0.0000 2.1375 2.6375 2.2985 1.1375 2.7985 1.8130
MTs: 0.4200 0.3700 0.1480 0.5630 0.6510 0.5230 0.9030 0.4280 0.4370

IDs: 2.9877 2.6375 1.1375 2.6375 2.6375 2.2985 1.1375 1.6375 1.3890
MTs: 0.5390 0.4050 0.2960 0.6200 0.7400 0.5250 0.3450 0.5880 0.8390

IDs: 1.6375 2.2985 2.2985 1.1375 2.2985 2.6375 2.7985 1.1375 1.8130
MTs: 0.5730 0.4050 0.8450 0.6080 0.8250 0.5980 0.6790 0.8320 0.4500

IDs: 2.2985 2.7985 1.1375 1.6375 2.2985 1.6375 1.1375 2.7225 1.3890
MTs: 0.5180 0.5140 0.3540 0.8820 1.3710 0.7910 0.6790 0.6660 0.3810

IDs: 1.1375 2.6375 0.0000 2.2985 1.6375 2.2985 2.9877 2.7985 1.3890
MTs: 0.3650 0.6040 0.1760 0.6620 0.4810 0.8400 0.5770 0.4600 0.6360

IDs: 2.7985 2.1375 1.1375 2.7985 2.1375 1.1375 1.6375 1.1375 1.3890
MTs: 0.4930 0.3990 0.3480 0.5740 1.3780 0.6650 0.8270 0.2600 0.3300

IDs: 1.6375 2.7985 2.7985 2.9877 2.7985 1.1375 1.1375 0.0000 0.2281
MTs: 0.3690 0.4200 0.4270 0.7060 1.3100 0.3630 1.1700 0.1520 0.3380

IDs: 1.6375 2.1375 2.2985 2.6375 1.6375 2.2985 2.9877 2.2985 0.2281
MTs: 0.4950 0.6540 0.5710 0.8800 0.3980 0.4010 0.6260 0.4780 0.3480

IDs: 2.9877 2.7985 2.2985 2.1375 2.7985 1.1375 1.1375 1.6375 1.3890
MTs: 0.5820 0.4580 0.4220 0.4920 0.6800 0.6160 0.9610 0.7360 0.2380

IDs: 2.2985 2.9877 2.1375 2.6375 1.1375 2.1375 1.1375 1.6375 1.6718
MTs: 0.4530 0.5410 0.4720 0.7530 2.0900 0.6010 0.9580 0.2610 0.3330

IDs: 1.1375 2.1375 0.0000 1.1375 2.2985 1.6375 1.1375 2.1375 1.1108
MTs: 0.3830 0.4760 0.1660 0.6710 1.1480 0.4260 0.6780 0.6190 0.3590

IDs: 1.1375 1.1375 1.1375 2.2985 2.1375 2.9877 2.7985 2.1375 1.1108
MTs: 0.3620 0.2890 0.3240 0.7000 1.4140 0.6480 0.5260 0.4650 0.4640

IDs: 1.1375 2.2985 2.1375 2.1375 2.7985 1.1375 2.1375 1.1375 1.3890
MTs: 0.7560 0.6540 0.7790 0.8900 0.9020 0.5370 0.4520 0.3230 1.1070

IDs: 1.6375 2.7985 1.1375 2.1375 2.1375 1.1375 1.1375 2.1375 1.6718
MTs: 0.5700 0.5200 0.4350 0.4910 0.9370 0.4510 0.4320 0.3650 0.3720

IDs: 2.7985 1.6375 1.1375 2.7985 2.7985 1.1375 2.6375 2.2985 0.2281
MTs: 0.4180 0.4000 0.3920 0.7340 0.8000 0.5030 0.4810 0.7970 0.4050

IDs: 1.1375 2.7985 2.1375 2.2985 1.1375 2.7985 2.2985 1.6375 1.3890
MTs: 0.4310 0.4420 1.1870 0.7560 1.9280 0.5880 0.4000 0.2940 0.3310

IDs: 2.6375 1.1375 2.1375 1.6375 2.1375 2.9877 2.7985 1.6375 1.6718
MTs: 0.6260 0.3430 0.3600 0.4770 1.0230 0.7260 0.7100 0.8840 0.3130