

IDs: 3.4594 2.1375 1.1375 3.1375 3.4594 2.1375 4.3074 4.1375 3.4594
MTs: 0.6360 1.5910 0.4070 2.2800 1.4930 0.3470 4.5200 1.1070 0.8750

IDs: 4.1375 1.1375 3.7225 4.1375 4.1375 3.4594 2.1375 2.1375 4.1375		
MTs: 0.7320 0.3510 1.1780 1.4460 0.9080 0.8520 0.4860 0.5210 1.0450

IDs: 3.4594 4.3074 3.9449 3.4594 3.7225 2.7225 1.1375 3.9449 4.4594		
MTs: 1.0680 3.3600 1.1030 1.2960 1.1330 1.1920 1.1720 0.7650 0.8860

IDs: 3.4594 3.7225 3.4594 3.1375 4.4594 3.9449 2.1375 3.7225 4.7225		
MTs: 0.7570 0.7990 0.7090 0.7170 1.0330 0.6820 0.8190 1.1220 0.9530

IDs: 1.1375 1.1375 2.7225 3.4594 4.5969 4.1375 3.4594 3.1375 3.4594		
MTs: 0.8890 0.4760 0.5700 1.5310 0.8910 0.7300 0.8630 0.6640 0.8510

IDs: 4.3074 4.3074 4.4594 2.1375 3.4594 2.1375 4.3074 2.7225 4.4594
MTs: 0.9540 0.7070 0.8770 0.5270 1.1090 0.4760 1.1580 0.7150 0.8770

IDs: 1.1375 4.1375 1.1375 4.4594 3.7225 2.7225 2.7225 3.1375 2.7225
MTs: 0.4080 1.1540 0.2750 1.1220 0.9370 0.6870 0.5530 1.1690 0.7780

IDs: 2.1375 3.1375 2.1375 4.3074 4.1375 3.4594 1.1375 3.1375 3.9449
MTs: 0.4290 0.9550 0.7750 0.8740 1.1850 0.6750 1.3290 2.7810 0.6130

IDs: 4.1375 1.1375 4.1375 4.7225 3.1375 1.1375 1.1375 2.7225 3.7225
MTs: 0.8440 0.9480 1.2940 1.0790 1.2140 0.4410 1.5470 0.5750 0.5750

IDs: 3.1375 1.1375 3.4594 3.9449 4.7225 4.3074 4.3074 3.4594 4.1375
MTs: 0.8290 0.7840 0.6890 1.0990 1.3610 0.9020 0.8520 0.6820 0.6550

IDs: 2.7225 2.1375 2.7225 4.1375 3.4594 2.1375 1.1375 2.7225 3.7225
MTs: 0.9300 0.5140 0.5420 1.4290 0.9100 0.5290 1.0830 0.5770 0.6560

IDs: 3.7225 3.9449 4.1375 2.1375 3.9449 3.1375 4.3074 3.4594 4.1375
MTs: 0.6880 0.8530 0.8300 1.8280 2.8010 1.2010 1.3620 1.4210 0.6250

IDs: 3.9449 4.3074 3.9449 3.4594 2.1375 1.1375 4.1375 2.1375 4.4594
MTs: 0.9350 1.1140 0.6900 0.8280 0.9790 0.4860 0.8290 0.5600 0.9330

IDs: 3.7225 2.1375 1.1375 3.7225 3.4594 2.1375 3.1375 2.1375 3.7225
MTs: 0.6910 0.9230 0.3910 0.9730 0.9470 0.5020 0.9630 0.3920 0.5760

IDs: 3.9449 1.1375 3.1375 4.1375 3.9449 3.1375 3.9449 2.7225 4.1375
MTs: 0.6990 0.9690 0.5520 0.9370 0.6310 0.5690 0.8330 0.4270 0.6430

IDs: 4.3074 1.1375 2.1375 2.1375 3.9449 3.1375 1.1375 4.1375 4.5969
MTs: 0.8140 0.6790 0.5870 0.5420 0.8910 0.6260 0.9100 0.5770 0.6320

IDs: 3.9449 3.4594 3.1375 4.7225 4.5969 4.1375 2.1375 1.1375 3.4594
MTs: 0.7500 0.8700 0.5940 0.7940 1.0310 0.6790 1.0060 0.4090 0.7420

IDs: 3.9449 1.1375 2.1375 3.1375 4.1375 3.4594 3.9449 3.1375 3.9449
MTs: 0.6580 1.2560 0.3910 0.6260 1.1380 0.9520 0.9020 0.6150 0.5950

IDs: 1.1375 3.9449 4.1375 2.1375 3.4594 2.1375 1.1375 3.1375 4.3074
MTs: 0.4260 1.2290 0.8340 0.5140 0.7520 0.4290 0.5390 1.1930 0.6410

IDs: 1.1375 3.9449 2.1375 4.1375 2.1375 1.1375 1.1375 3.4594 4.4594
MTs: 0.4120 0.8670 0.4860 0.7200 0.9220 0.3460 0.6600 0.8190 0.5870

###

IDs: 2.9877 1.1375 2.2985 2.9877 2.6375 2.2985 2.9877 2.2985 1.1108
MTs: 0.4960 0.9310 0.7670 0.7390 0.6740 0.4370 0.7100 0.4230 0.7610

IDs: 2.2985 1.1375 1.6375 2.6375 2.1375 2.9877 1.1375 1.1375 1.8130
MTs: 0.8750 1.3150 0.4050 1.1180 1.3370 0.5830 0.4100 0.3130 0.6040

IDs: 1.6375 2.7985 2.2985 2.1375 2.6375 2.2985 1.1375 2.6375 1.8130
MTs: 0.4810 1.2330 0.4770 0.4950 0.7180 0.5020 0.3370 0.7690 0.4190

IDs: 2.1375 2.7985 2.7225 2.7985 2.1375 1.1375 2.1375 2.1375 1.6718
MTs: 0.4810 1.1680 0.6010 0.7030 0.9480 0.3620 0.6060 1.2830 0.6800

IDs: 2.9877 2.2985 1.6375 2.7985 2.9877 2.1375 2.7985 1.6375 1.6718
MTs: 0.5980 0.9290 0.3850 0.5710 0.7580 0.6810 1.3220 0.5330 0.5140

IDs: 2.2985 2.9877 1.1375 2.2985 1.1375 2.7985 2.6375 1.1375 1.6718
MTs: 0.4350 0.6180 0.7880 0.9880 1.2630 0.5090 0.7830 0.4260 0.6140

IDs: 2.1375 2.1375 2.2985 2.1375 2.2985 1.6375 1.6375 1.6375 0.2281
MTs: 0.4160 0.5160 0.9070 0.5690 0.7810 0.3310 0.3680 0.9190 0.2950

IDs: 1.1375 2.2985 1.1375 2.2985 1.1375 2.1375 2.2985 2.2985 0.2281
MTs: 0.2970 0.8110 0.8560 0.5960 1.1510 0.2880 1.8700 0.5320 0.2420

IDs: 1.6375 2.1375 2.6375 2.9877 2.1375 2.9877 1.1375 1.1375 0.2281
MTs: 0.2990 0.3200 0.3850 0.7370 1.2780 0.5060 0.3270 1.1580 0.2360

IDs: 1.6375 1.6375 1.6375 2.2985 1.1375 2.7985 1.1375 2.1375 1.1108
MTs: 0.4360 0.5730 0.8560 0.7170 1.4410 0.4210 0.5290 0.6740 0.4180

IDs: 2.6375 2.9877 2.2985 1.1375 2.1375 2.9877 2.9877 1.1375 1.6718
MTs: 0.4100 0.8950 0.6130 0.4760 1.1490 0.6670 0.6650 0.4130 0.5320

IDs: 2.1375 1.6375 1.1375 2.6375 1.6375 2.2985 2.2985 2.2985 1.8130
MTs: 0.8130 1.1420 0.3290 0.7340 0.9350 0.3880 0.6240 0.3520 0.3660

IDs: 2.1375 2.2985 1.6375 2.1375 2.2985 2.6375 2.9877 2.7225 1.8130
MTs: 0.4090 0.5370 1.5290 1.5040 0.5420 0.7060 0.6540 0.4120 0.4700

IDs: 2.2985 2.9877 1.6375 1.6375 1.6375 2.2985 1.1375 1.6375 0.2281
MTs: 0.3990 1.1610 0.4750 0.4320 1.3370 0.4800 0.7010 0.8220 0.3170

IDs: 2.1375 1.1375 2.7985 2.1375 2.1375 2.9877 1.6375 1.1375 1.6718
MTs: 0.3390 0.3910 0.6910 0.5890 1.2430 0.6510 0.3580 0.5990 0.7080

IDs: 1.1375 2.1375 1.6375 2.2985 1.1375 2.1375 1.1375 1.6375 1.6718
MTs: 0.3510 0.6780 0.9700 0.5540 0.9900 0.3850 0.3840 0.3350 0.4080

IDs: 2.1375 2.1375 2.7985 1.1375 1.1375 2.1375 1.6375 1.6375 0.2281
MTs: 0.4110 0.4070 0.8130 0.4510 1.2530 0.4270 0.5130 0.3590 0.4820

IDs: 2.6375 2.9877 2.1375 2.6375 1.1375 2.1375 1.1375 2.2985 1.8130
MTs: 0.4540 0.5460 0.7460 0.7080 0.9690 0.3720 0.3960 0.4900 0.3740

IDs: 2.6375 2.1375 1.1375 2.1375 1.1375 2.7985 2.9877 2.6375 0.2281
MTs: 0.5540 0.5360 0.4630 1.0620 1.3650 0.4380 0.8120 1.0730 0.4690

IDs: 2.2985 2.7985 1.1375 1.6375 1.6375 2.2985 2.7985 1.1375 1.1108
MTs: 2.2550 0.6580 0.5030 0.7760 1.4500 0.4370 0.5290 0.3860 0.4410